%YAML:1.0
---
CameraExtrinsicMat: !!opencv-matrix
   rows: 4
   cols: 4
   dt: d
   data: [ 9.9511951547549349e-01, 1.4544530588786395e-02,
       9.7599213878857713e-02, -4.0226565895075067e-01,
       -9.7546206458931306e-02, -4.3121016766705100e-03,
       9.9522165540376051e-01, 3.3618583749722003e-01,
       1.4895889543451377e-02, -9.9988492458336520e-01,
       -2.8722927475075544e-03, 2.1008640983812374e-01, 0., 0., 0., 1. ]
CameraMat: !!opencv-matrix
   rows: 3
   cols: 3
   dt: d
   data: [ 7.6273006812401638e+02, 0., 3.4220988097920616e+02, 0.,
       7.5797268054887707e+02, 1.5606441710086870e+02, 0., 0., 1. ]
DistCoeff: !!opencv-matrix
   rows: 1
   cols: 5
   dt: d
   data: [ -6.6961881126114364e-01, 9.7493808443190799e-01,
       7.6085016066533137e-03, -3.8276588937960275e-03,
       -1.4550752694044879e+00 ]
ImageSize: [ 640, 360 ]
ReprojectionError: 1.8714748102507714e-01
